[ 87 0
] 111 0
[ 152 0
[ 153 1
] 164 1
[ 166 1
] 176 1
] 187 0
[ 189 0
[ 198 1
] 200 1
] 202 0
[ 212 0
] 222 0
[ 231 0
] 233 0
[ 248 0
[ 250 1
] 271 1
] 281 0
[ 336 0
] 346 0
[ 350 0
] 352 0
[ 354 0
[ 361 1
[ 369 2
] 371 2
] 374 1
[ 384 1
] 394 1
[ 403 1
] 405 1
[ 417 1
[ 419 2
] 440 2
] 450 1
[ 471 1
[ 473 2
] 495 2
] 505 1
[ 529 1
] 539 1
[ 543 1
[ 544 2
] 546 2
[ 553 2
[ 562 3
] 577 3
[ 584 3
] 601 3
] 610 2
[ 620 2
] 630 2
[ 641 2
[ 650 3
] 667 3
[ 675 3
] 694 3
] 703 2
[ 713 2
] 724 2
[ 732 2
] 749 2
[ 757 2
] 775 2
[ 800 2
[ 801 3
] 812 3
[ 815 3
] 817 3
[ 819 3
] 821 3
[ 823 3
] 825 3
[ 827 3
] 829 3
[ 831 3
] 833 3
[ 835 3
] 837 3
[ 839 3
] 841 3
[ 843 3
] 845 3
[ 847 3
] 849 3
[ 859 3
] 869 3
] 880 2
[ 882 2
] 894 2
[ 904 2
] 914 2
[ 924 2
[ 931 3
] 942 3
[ 947 3
[ 959 4
[ 963 5
] 971 5
[ 974 5
] 986 5
] 997 4
[ 1007 4
] 1017 4
] 1018 3
[ 1028 3
] 1038 3
[ 1049 3
[ 1051 4
] 1072 4
] 1083 3
[ 1085 3
] 1106 3
] 1117 2
[ 1128 2
[ 1130 3
] 1132 3
[ 1139 3
[ 1147 4
] 1165 4
[ 1167 4
] 1172 4
] 1177 3
[ 1181 3
] 1190 3
] 1202 2
[ 1213 2
] 1224 2
[ 1234 2
] 1244 2
[ 1254 2
[ 1262 3
] 1275 3
[ 1281 3
[ 1296 4
[ 1301 5
] 1310 5
[ 1314 5
] 1326 5
] 1337 4
[ 1346 4
] 1356 4
] 1357 3
[ 1367 3
] 1378 3
[ 1388 3
[ 1391 4
] 1412 4
] 1424 3
[ 1427 3
] 1448 3
] 1461 2
[ 1471 2
[ 1473 3
] 1475 3
[ 1482 3
[ 1490 4
] 1508 4
[ 1510 4
] 1515 4
] 1520 3
[ 1524 3
] 1534 3
] 1546 2
[ 1556 2
[ 1561 3
] 1637 3
] 1643 2
[ 1653 2
] 1663 2
[ 1688 2
[ 1689 3
] 1700 3
[ 1720 3
] 1730 3
] 1741 2
[ 1768 2
] 1779 2
[ 1789 2
[ 1793 3
] 1802 3
[ 1807 3
[ 1814 4
] 1825 4
[ 1830 4
[ 1850 5
] 1861 5
[ 1866 5
] 1868 5
[ 1875 5
] 1885 5
] 1889 4
] 1890 3
[ 1896 3
] 1907 3
[ 1913 3
[ 1921 4
] 1930 4
[ 1934 4
[ 1953 5
] 1963 5
[ 1967 5
] 1969 5
[ 1977 5
] 1987 5
[ 1989 5
] 1991 5
] 1994 4
] 1995 3
[ 1998 3
[ 2001 4
] 2011 4
] 2021 3
] 2030 2
[ 2040 2
] 2050 2
[ 2058 2
] 2070 2
[ 2109 2
] 2120 2
[ 2125 2
[ 2134 3
] 2136 3
] 2139 2
[ 2142 2
[ 2152 3
[ 2163 4
] 2165 4
] 2166 3
[ 2168 3
[ 2172 4
] 2185 4
] 2189 3
[ 2203 3
[ 2206 4
] 2208 4
[ 2210 4
] 2212 4
[ 2214 4
] 2216 4
] 2222 3
[ 2232 3
] 2242 3
[ 2246 3
] 2248 3
[ 2255 3
[ 2262 4
] 2273 4
[ 2278 4
] 2290 4
] 2299 3
[ 2309 3
] 2319 3
[ 2329 3
[ 2332 4
] 2354 4
] 2362 3
[ 2372 3
] 2382 3
[ 2407 3
[ 2408 4
] 2418 4
[ 2421 4
] 2424 4
[ 2426 4
] 2428 4
[ 2430 4
] 2432 4
[ 2434 4
] 2436 4
[ 2438 4
] 2440 4
[ 2442 4
] 2444 4
[ 2446 4
] 2448 4
[ 2450 4
] 2452 4
[ 2454 4
] 2456 4
[ 2466 4
] 2476 4
] 2487 3
[ 2489 3
] 2500 3
[ 2511 3
] 2521 3
[ 2531 3
[ 2539 4
] 2552 4
[ 2558 4
[ 2572 5
[ 2576 6
] 2583 6
[ 2587 6
] 2597 6
] 2608 5
[ 2617 5
] 2627 5
] 2628 4
[ 2638 4
] 2648 4
[ 2658 4
[ 2660 5
] 2682 5
] 2693 4
[ 2695 4
] 2716 4
] 2727 3
[ 2737 3
[ 2739 4
] 2741 4
[ 2748 4
[ 2755 5
] 2775 5
[ 2777 5
] 2782 5
] 2786 4
[ 2789 4
] 2796 4
] 2808 3
[ 2818 3
[ 2825 4
] 2839 4
[ 2845 4
] 2859 4
] 2868 3
[ 2878 3
] 2888 3
[ 2898 3
] 2910 3
[ 2920 3
] 2930 3
[ 2940 3
[ 2948 4
] 2961 4
[ 2967 4
[ 2981 5
[ 2985 6
] 2993 6
[ 2996 6
] 3008 6
] 3019 5
[ 3028 5
] 3038 5
] 3039 4
[ 3049 4
] 3059 4
[ 3069 4
[ 3072 5
] 3093 5
] 3104 4
[ 3106 4
] 3127 4
] 3138 3
[ 3148 3
[ 3150 4
] 3153 4
[ 3160 4
[ 3168 5
] 3186 5
[ 3188 5
] 3193 5
] 3198 4
[ 3202 4
] 3211 4
] 3223 3
[ 3234 3
[ 3239 4
] 3315 4
] 3321 3
[ 3331 3
] 3341 3
[ 3351 3
[ 3355 4
] 3431 4
] 3438 3
[ 3448 3
] 3458 3
[ 3484 3
[ 3485 4
] 3495 4
[ 3515 4
] 3525 4
] 3536 3
[ 3538 3
[ 3547 4
] 3565 4
[ 3573 4
] 3591 4
] 3600 3
[ 3610 3
] 3620 3
[ 3630 3
[ 3637 4
] 3640 4
] 3644 3
[ 3654 3
] 3664 3
[ 3671 3
] 3685 3
[ 3687 3
[ 3695 4
] 3710 4
[ 3716 4
] 3730 4
] 3736 3
[ 3738 3
] 3743 3
[ 3749 3
] 3762 3
[ 3769 3
] 3771 3
[ 3783 3
] 3794 3
[ 3801 3
[ 3813 4
[ 3816 5
] 3823 5
[ 3827 5
[ 3833 6
] 3842 6
[ 3846 6
[ 3864 7
] 3874 7
[ 3878 7
] 3880 7
[ 3889 7
] 3899 7
] 3903 6
] 3904 5
[ 3909 5
] 3918 5
[ 3923 5
[ 3930 6
] 3937 6
[ 3940 6
[ 3956 7
] 3967 7
[ 3972 7
] 3974 7
[ 3981 7
] 3991 7
[ 3993 7
] 3995 7
] 3998 6
] 3999 5
[ 4002 5
[ 4005 6
] 4015 6
] 4024 5
] 4033 4
[ 4044 4
] 4054 4
[ 4059 4
] 4070 4
[ 4075 4
[ 4087 5
[ 4092 6
] 4099 6
[ 4102 6
] 4109 6
] 4118 5
[ 4130 5
[ 4132 6
[ 4144 7
[ 4177 8
] 4186 8
] 4188 7
[ 4190 7
] 4223 7
] 4226 6
[ 4228 6
[ 4238 7
] 4270 7
] 4272 6
[ 4274 6
] 4283 6
] 4297 5
[ 4302 5
] 4304 5
] 4309 4
[ 4313 4
] 4322 4
[ 4326 4
[ 4338 5
[ 4342 6
] 4347 6
[ 4349 6
] 4354 6
] 4363 5
[ 4375 5
[ 4377 6
[ 4388 7
[ 4419 8
] 4430 8
] 4432 7
[ 4434 7
] 4467 7
] 4469 6
[ 4472 6
[ 4482 7
] 4514 7
] 4516 6
[ 4518 6
] 4530 6
] 4542 5
] 4556 4
] 4557 3
[ 4562 3
] 4573 3
[ 4578 3
[ 4590 4
] 4600 4
[ 4611 4
[ 4613 5
[ 4625 6
[ 4658 7
] 4667 7
] 4669 6
[ 4671 6
] 4704 6
] 4707 5
[ 4709 5
[ 4719 6
] 4751 6
] 4753 5
[ 4755 5
] 4764 5
] 4778 4
] 4779 3
[ 4781 3
] 4783 3
[ 4786 3
] 4788 3
[ 4790 3
] 4792 3
[ 4798 3
[ 4801 4
] 4803 4
[ 4805 4
] 4807 4
] 4814 3
[ 4824 3
] 4834 3
[ 4844 3
[ 4850 4
] 4862 4
[ 4867 4
] 4879 4
] 4888 3
[ 4898 3
] 4908 3
[ 4933 3
[ 4935 4
] 4945 4
[ 4948 4
] 4950 4
[ 4952 4
] 4954 4
[ 4956 4
] 4958 4
[ 4960 4
] 4962 4
[ 4964 4
] 4966 4
[ 4968 4
] 4970 4
[ 4972 4
] 4974 4
[ 4976 4
] 4978 4
[ 4980 4
] 4982 4
[ 4992 4
] 5002 4
] 5013 3
[ 5016 3
] 5027 3
[ 5037 3
] 5047 3
[ 5057 3
[ 5064 4
] 5075 4
[ 5080 4
[ 5092 5
[ 5097 6
] 5104 6
[ 5107 6
] 5117 6
] 5128 5
[ 5137 5
] 5147 5
] 5148 4
[ 5158 4
] 5168 4
[ 5179 4
[ 5181 5
] 5202 5
] 5213 4
[ 5215 4
] 5236 4
] 5247 3
[ 5257 3
[ 5260 4
] 5262 4
[ 5268 4
[ 5275 5
] 5295 5
[ 5297 5
] 5302 5
] 5306 4
[ 5309 4
] 5316 4
] 5328 3
[ 5338 3
[ 5343 4
] 5418 4
] 5426 3
[ 5436 3
] 5446 3
[ 5452 3
] 5454 3
[ 5474 3
[ 5475 4
] 5485 4
[ 5506 4
] 5516 4
] 5527 3
[ 5529 3
[ 5533 4
] 5542 4
[ 5547 4
[ 5554 5
] 5565 5
[ 5570 5
[ 5591 6
] 5601 6
[ 5606 6
] 5608 6
[ 5615 6
] 5625 6
] 5629 5
] 5630 4
[ 5636 4
] 5647 4
[ 5653 4
[ 5661 5
] 5671 5
[ 5675 5
[ 5693 6
] 5703 6
[ 5707 6
] 5709 6
[ 5717 6
] 5727 6
[ 5729 6
] 5731 6
] 5734 5
] 5735 4
[ 5738 4
[ 5741 5
] 5752 5
] 5761 4
] 5770 3
[ 5780 3
] 5790 3
[ 5794 3
] 5803 3
[ 5807 3
[ 5819 4
[ 5826 5
] 5835 5
[ 5839 5
] 5848 5
] 5857 4
[ 5868 4
[ 5870 5
[ 5875 6
[ 5902 7
] 5910 7
] 5912 6
[ 5914 6
] 5942 6
] 5946 5
[ 5949 5
[ 5955 6
] 5983 6
] 5985 5
[ 5988 5
] 5995 5
] 6009 4
] 6010 3
[ 6015 3
] 6026 3
[ 6031 3
[ 6043 4
[ 6048 5
] 6055 5
[ 6058 5
] 6065 5
] 6075 4
[ 6086 4
[ 6088 5
[ 6094 6
[ 6121 7
] 6126 7
] 6128 6
[ 6130 6
] 6157 6
] 6160 5
[ 6164 5
[ 6170 6
] 6196 6
] 6198 5
[ 6200 5
] 6205 5
] 6218 4
] 6231 3
[ 6241 3
[ 6245 4
] 6247 4
[ 6249 4
] 6251 4
[ 6253 4
] 6255 4
] 6260 3
[ 6270 3
] 6280 3
[ 6284 3
] 6286 3
[ 6288 3
] 6290 3
[ 6296 3
[ 6304 4
] 6320 4
[ 6327 4
] 6343 4
] 6352 3
[ 6362 3
] 6372 3
[ 6379 3
] 6394 3
[ 6397 3
[ 6406 4
] 6421 4
[ 6427 4
] 6440 4
] 6447 3
[ 6450 3
] 6457 3
[ 6463 3
] 6477 3
[ 6483 3
] 6494 3
[ 6500 3
[ 6512 4
[ 6516 5
] 6525 5
[ 6530 5
[ 6537 6
] 6544 6
[ 6547 6
[ 6564 7
] 6574 7
[ 6579 7
] 6581 7
[ 6588 7
] 6598 7
] 6602 6
] 6603 5
[ 6607 5
] 6614 5
[ 6618 5
[ 6624 6
] 6633 6
[ 6638 6
[ 6656 7
] 6666 7
[ 6670 7
] 6672 7
[ 6680 7
] 6690 7
[ 6692 7
] 6694 7
] 6697 6
] 6698 5
[ 6701 5
[ 6704 6
] 6714 6
] 6724 5
] 6733 4
[ 6743 4
] 6753 4
[ 6757 4
] 6766 4
[ 6770 4
[ 6782 5
[ 6786 6
] 6791 6
[ 6793 6
] 6799 6
] 6808 5
[ 6819 5
[ 6821 6
[ 6830 7
[ 6859 8
] 6868 8
] 6870 7
[ 6872 7
] 6903 7
] 6905 6
[ 6908 6
[ 6916 7
] 6946 7
] 6948 6
[ 6950 6
] 6960 6
] 6972 5
[ 6978 5
] 6980 5
[ 6983 5
] 7000 5
[ 7008 5
] 7026 5
] 7027 4
[ 7032 4
] 7044 4
[ 7049 4
[ 7061 5
[ 7066 6
] 7073 6
[ 7076 6
] 7083 6
] 7092 5
[ 7103 5
[ 7105 6
[ 7115 7
[ 7147 8
] 7154 8
] 7156 7
[ 7158 7
] 7188 7
] 7191 6
[ 7193 6
[ 7201 7
] 7232 7
] 7234 6
[ 7236 6
] 7243 6
] 7256 5
] 7257 4
[ 7262 4
] 7264 4
] 7269 3
[ 7274 3
] 7286 3
[ 7291 3
[ 7299 4
] 7301 4
[ 7304 4
] 7321 4
[ 7329 4
] 7347 4
[ 7357 4
] 7368 4
[ 7378 4
[ 7380 5
[ 7390 6
[ 7421 7
] 7428 7
] 7430 6
[ 7432 6
] 7463 6
] 7466 5
[ 7468 5
[ 7476 6
] 7506 6
] 7508 5
[ 7510 5
] 7517 5
] 7531 4
] 7532 3
[ 7542 3
[ 7545 4
] 7547 4
[ 7549 4
] 7551 4
] 7558 3
[ 7568 3
] 7578 3
[ 7582 3
] 7584 3
[ 7586 3
] 7588 3
[ 7594 3
[ 7600 4
] 7612 4
[ 7617 4
] 7629 4
] 7638 3
[ 7648 3
] 7658 3
[ 7668 3
[ 7675 4
] 7689 4
[ 7695 4
] 7709 4
] 7718 3
[ 7728 3
] 7738 3
[ 7763 3
[ 7764 4
] 7775 4
[ 7778 4
] 7780 4
[ 7782 4
] 7784 4
[ 7786 4
] 7788 4
[ 7790 4
] 7792 4
[ 7794 4
] 7796 4
[ 7798 4
] 7800 4
[ 7802 4
] 7804 4
[ 7806 4
] 7808 4
[ 7810 4
] 7812 4
[ 7822 4
] 7832 4
] 7843 3
[ 7845 3
] 7857 3
[ 7867 3
] 7877 3
[ 7887 3
[ 7894 4
] 7905 4
[ 7910 4
[ 7922 5
[ 7926 6
] 7934 6
[ 7937 6
] 7949 6
] 7960 5
[ 7969 5
] 7979 5
] 7980 4
[ 7990 4
] 8000 4
[ 8010 4
[ 8013 5
] 8034 5
] 8045 4
[ 8047 4
] 8068 4
] 8079 3
[ 8089 3
[ 8091 4
] 8094 4
[ 8101 4
[ 8109 5
] 8127 5
[ 8129 5
] 8134 5
] 8139 4
[ 8143 4
] 8152 4
] 8164 3
[ 8175 3
] 8186 3
[ 8196 3
] 8206 3
[ 8216 3
[ 8224 4
] 8237 4
[ 8243 4
[ 8258 5
[ 8263 6
] 8272 6
[ 8276 6
] 8288 6
] 8299 5
[ 8308 5
] 8318 5
] 8319 4
[ 8329 4
] 8340 4
[ 8350 4
[ 8353 5
] 8374 5
] 8386 4
[ 8389 4
] 8410 4
] 8423 3
[ 8433 3
[ 8435 4
] 8437 4
[ 8444 4
[ 8452 5
] 8470 5
[ 8472 5
] 8477 5
] 8482 4
[ 8486 4
] 8495 4
] 8508 3
[ 8518 3
[ 8523 4
] 8599 4
] 8605 3
[ 8615 3
] 8625 3
[ 8650 3
[ 8651 4
] 8662 4
[ 8682 4
] 8692 4
] 8703 3
[ 8730 3
] 8740 3
[ 8751 3
[ 8755 4
] 8764 4
[ 8769 4
[ 8776 5
] 8787 5
[ 8792 5
[ 8812 6
] 8823 6
[ 8828 6
] 8830 6
[ 8837 6
] 8847 6
] 8851 5
] 8852 4
[ 8858 4
] 8869 4
[ 8875 4
[ 8883 5
] 8892 5
[ 8896 5
[ 8915 6
] 8925 6
[ 8929 6
] 8931 6
[ 8939 6
] 8949 6
[ 8951 6
] 8953 6
] 8956 5
] 8957 4
[ 8960 4
[ 8963 5
] 8973 5
] 8982 4
] 8992 3
[ 9002 3
] 9012 3
[ 9018 3
] 9029 3
[ 9034 3
[ 9043 4
] 9045 4
] 9048 3
] 9051 2
[ 9059 2
] 9071 2
[ 9077 2
] 9093 2
[ 9098 2
] 9115 2
[ 9119 2
] 9121 2
[ 9123 2
] 9125 2
[ 9127 2
] 9129 2
[ 9131 2
] 9133 2
[ 9135 2
] 9137 2
[ 9139 2
] 9141 2
[ 9145 2
[ 9148 3
] 9150 3
[ 9152 3
] 9154 3
[ 9156 3
] 9158 3
[ 9160 3
] 9162 3
[ 9164 3
] 9166 3
[ 9168 3
] 9170 3
] 9174 2
[ 9184 2
] 9194 2
[ 9204 2
[ 9210 3
] 9212 3
] 9217 2
[ 9228 2
] 9238 2
[ 9251 2
[ 9253 3
] 9274 3
] 9284 2
[ 9315 2
] 9325 2
[ 9333 2
] 9350 2
[ 9358 2
[ 9368 3
] 9370 3
[ 9373 3
] 9383 3
[ 9394 3
[ 9402 4
] 9417 4
[ 9424 4
[ 9440 5
] 9450 5
[ 9458 5
] 9460 5
] 9465 4
] 9477 3
] 9478 2
[ 9486 2
] 9503 2
[ 9511 2
[ 9523 3
[ 9530 4
] 9541 4
[ 9546 4
] 9558 4
] 9567 3
[ 9578 3
[ 9584 4
] 9591 4
] 9606 3
[ 9616 3
] 9626 3
[ 9637 3
[ 9639 4
] 9641 4
[ 9651 4
[ 9662 5
] 9674 5
[ 9676 5
] 9681 5
] 9689 4
[ 9696 4
] 9711 4
] 9724 3
[ 9737 3
] 9739 3
] 9744 2
[ 9753 2
] 9770 2
[ 9779 2
[ 9791 3
[ 9798 4
] 9805 4
] 9810 3
[ 9820 3
[ 9822 4
] 9824 4
[ 9834 4
[ 9845 5
] 9857 5
[ 9859 5
] 9864 5
] 9872 4
[ 9880 4
] 9895 4
] 9907 3
[ 9914 3
[ 9916 4
] 9937 4
] 9947 3
[ 9959 3
] 9969 3
[ 9979 3
[ 9985 4
] 9998 4
[ 10005 4
[ 10015 5
] 10032 5
[ 10041 5
[ 10067 6
] 10077 6
[ 10082 6
] 10084 6
[ 10091 6
] 10101 6
] 10105 5
] 10106 4
[ 10115 4
] 10133 4
[ 10142 4
[ 10154 5
] 10167 5
[ 10173 5
[ 10195 6
] 10206 6
[ 10210 6
] 10212 6
[ 10220 6
] 10230 6
[ 10232 6
] 10234 6
] 10237 5
] 10238 4
[ 10241 4
[ 10244 5
] 10254 5
] 10263 4
] 10272 3
[ 10283 3
] 10293 3
[ 10298 3
] 10300 3
[ 10309 3
[ 10311 4
] 10332 4
] 10342 3
[ 10353 3
] 10364 3
] 10365 2
] 10369 1
[ 10385 1
[ 10392 2
] 10394 2
] 10398 1
[ 10408 1
] 10418 1
[ 10430 1
[ 10432 2
] 10454 2
] 10464 1
[ 10496 1
] 10506 1
[ 10515 1
] 10535 1
[ 10544 1
[ 10555 2
] 10557 2
[ 10559 2
] 10569 2
[ 10579 2
[ 10588 3
] 10606 3
[ 10614 3
[ 10632 4
] 10642 4
[ 10651 4
] 10653 4
] 10657 3
] 10668 2
] 10669 1
[ 10678 1
] 10698 1
[ 10707 1
[ 10719 2
[ 10727 3
] 10740 3
[ 10746 3
] 10759 3
] 10769 2
[ 10780 2
[ 10787 3
] 10794 3
] 10810 2
[ 10820 2
] 10830 2
[ 10840 2
[ 10842 3
] 10844 3
[ 10856 3
[ 10868 4
] 10878 4
[ 10880 4
] 10885 4
] 10894 3
[ 10902 3
] 10919 3
] 10932 2
[ 10947 2
] 10949 2
] 10954 1
[ 10964 1
] 10983 1
[ 10993 1
[ 11005 2
[ 11013 3
] 11020 3
] 11024 2
[ 11034 2
[ 11036 3
] 11038 3
[ 11049 3
[ 11061 4
] 11071 4
[ 11073 4
] 11078 4
] 11087 3
[ 11096 3
] 11113 3
] 11125 2
[ 11132 2
[ 11134 3
] 11155 3
] 11165 2
[ 11207 2
] 11217 2
[ 11227 2
[ 11234 3
] 11249 3
[ 11258 3
[ 11269 4
] 11288 4
[ 11297 4
[ 11325 5
] 11336 5
[ 11341 5
] 11343 5
[ 11350 5
] 11360 5
] 11364 4
] 11365 3
[ 11375 3
] 11394 3
[ 11404 3
[ 11418 4
] 11433 4
[ 11440 4
[ 11464 5
] 11474 5
[ 11478 5
] 11480 5
[ 11488 5
] 11499 5
[ 11501 5
] 11503 5
] 11506 4
] 11507 3
[ 11510 3
[ 11513 4
] 11523 4
] 11532 3
] 11541 2
[ 11551 2
] 11561 2
[ 11566 2
] 11568 2
[ 11578 2
[ 11580 3
] 11601 3
] 11611 2
[ 11652 2
] 11663 2
] 11664 1
] 11668 0
